1748882053241 0.08593561500310898 0
1748882055415 0.01850595884025097 1
1748882057453 0.008714585565030575 2
1748882059473 0.004969192668795586 3
1748882061497 0.0034813869278877974 4
1748882063539 0.0028557577170431614 5
1748882065612 0.002322942251339555 6
1748882067675 0.0021877954714000225 7
1748882069708 0.0019708750769495964 8
1748882072145 0.0018378377426415682 9
1748882074393 0.0016576738562434912 10
1748882076729 0.0015271039446815848 11
1748882079251 0.001523901242762804 12
1748882082046 0.0014099483378231525 13
1748882085161 0.0012513973051682115 14
1748882088216 0.0013153140898793936 15
1748882090693 0.0012159922625869513 16
1748882093409 0.0012182809878140688 17
1748882096434 0.0011499376269057393 18
1748882099266 0.0011776655446738005 19
1748882101775 0.0010723219020292163 20
1748882103910 0.001009712228551507 21
1748882105959 0.0010106484405696392 22
1748882107914 0.0009891289519146085 23
1748882109887 0.000951995374634862 24
1748882111898 0.0009454265818931162 25
1748882113896 0.0009135265136137605 26
1748882115899 0.0009188085678033531 27
1748882117830 0.0009005881147459149 28
1748882119786 0.0008505068835802376 29
1748882121824 0.0008577516418881714 30
1748882123784 0.0008157372940331697 31
1748882125792 0.0007697059190832078 32
1748882127768 0.000766799901612103 33
1748882129666 0.0007128618308342993 34
1748882131608 0.0006870658253319561 35
1748882133632 0.00070094910915941 36
1748882135645 0.0006712338072247803 37
1748882137650 0.0006663294043391943 38
1748882139661 0.0006609434494748712 39
1748882141607 0.0006569700199179351 40
1748882143545 0.0006869040662422776 41
1748882145503 0.0005904900026507676 42
1748882147437 0.000609252427238971 43
1748882149356 0.0006143747013993561 44
1748882151258 0.0006195945898070931 45
1748882153207 0.0005760832573287189 46
1748882155214 0.0005474754725582898 47
1748882157155 0.0005655581480823457 48
1748882159078 0.0005726555828005075 49
1748882160997 0.0005444302805699408 50
1748882162882 0.000557106570340693 51
1748882164839 0.0005768855335190892 52
1748882166796 0.0005521153216250241 53
1748882168812 0.0005522954161278903 54
1748882170710 0.0005244850763119757 55
1748882172633 0.0005491756019182503 56
1748882174587 0.0005405771662481129 57
1748882176511 0.0005208771326579154 58
1748882178493 0.0005284725339151919 59
1748882180486 0.0005175055703148246 60
1748882182380 0.0005173484096303582 61
1748882184402 0.00046693874173797667 62
1748882186328 0.00047046225517988205 63
1748882188327 0.0004821104812435806 64
1748882190234 0.00047873336006887257 65
1748882192119 0.00046436593402177095 66
1748882194014 0.0004975332412868738 67
1748882195955 0.0004733880050480366 68
1748882197959 0.0004808572994079441 69
1748882199880 0.0004621831758413464 70
1748882201789 0.0004649692855309695 71
1748882203751 0.000470299826702103 72
1748882205716 0.0004449662228580564 73
1748882207718 0.00045451620826497674 74
1748882209665 0.000444116594735533 75
1748882211549 0.00043318053940311074 76
1748882213497 0.00042873789789155126 77
1748882215440 0.00043099382310174406 78
1748882217368 0.0004046068643219769 79
1748882219365 0.0004030173586215824 80
1748882221293 0.00044338402221910655 81
1748882223188 0.0004249943303875625 82
1748882225125 0.00043993955478072166 83
1748882227083 0.00041648148908279836 84
1748882229044 0.00041694697574712336 85
1748882230951 0.000398248084820807 86
1748882232920 0.00039940045098774135 87
1748882234911 0.000417717092204839 88
1748882236880 0.00040213551255874336 89
1748882238834 0.00043298432137817144 90
1748882240760 0.0003935940039809793 91
1748882242659 0.00040443710167892277 92
1748882244632 0.00038184013101272285 93
1748882246594 0.0003726119175553322 94
1748882248595 0.0003754387143999338 95
1748882250532 0.00039840032695792615 96
1748882252411 0.0003804020816460252 97
1748882254293 0.0003890061634592712 98
1748882256297 0.00038627703906968236 99
1748882258310 0.0003653925086837262 100
1748882260247 0.00035833159927278757 101
1748882262166 0.0003569625550881028 102
1748882264145 0.00039833030314184725 103
1748882266111 0.0003909909282810986 104
1748882268097 0.0003718258813023567 105
1748882270044 0.0003311413456685841 106
1748882272007 0.0003695970808621496 107
1748882273912 0.00036025571171194315 108
1748882275850 0.00035610439954325557 109
1748882277814 0.000362969352863729 110
1748882279763 0.00035927517456002533 111
1748882281706 0.0003657982451841235 112
1748882283595 0.000370458496036008 113
1748882285482 0.0003404637682251632 114
1748882287437 0.00035977057996205986 115
1748882289358 0.0003444055328145623 116
1748882291261 0.0003256219206377864 117
1748882293167 0.0003522307379171252 118
1748882295137 0.00034788527409546077 119
1748882297164 0.00038505299016833305 120
1748882299107 0.00033720428473316133 121
1748882301036 0.0003400403948035091 122
1748882302944 0.0003574427682906389 123
1748882304879 0.0003301611286588013 124
1748882306938 0.0003410241915844381 125
1748882308938 0.0003357694367878139 126
1748882310875 0.00036614647251553833 127
1748882312800 0.00033822559635154903 128
1748882314681 0.00034412354580126703 129
1748882316652 0.0003213008458260447 130
1748882318600 0.00033001185511238873 131
1748882320611 0.0003205256653018296 132
1748882322535 0.00030644069192931056 133
1748882324426 0.0003176837635692209 134
1748882326349 0.00031331085483543575 135
1748882328340 0.0003332465421408415 136
1748882330334 0.00033620258909650147 137
1748882332249 0.0003282845427747816 138
1748882334154 0.00033472603536210954 139
1748882336160 0.0003353497013449669 140
1748882338272 0.00034795363899320364 141
1748882340732 0.00031434232369065285 142
1748882343073 0.00032128646853379905 143
1748882345286 0.0003023851604666561 144
1748882347753 0.0003158574691042304 145
1748882350097 0.0003379405534360558 146
1748882352414 0.0003148370888084173 147
1748882354694 0.00031536814640276134 148
1748882357067 0.0003202836087439209 149
